zero_time	diagnosis	age	sex	muscle	channel	TotalP	MeanP	MedF	MeanF	PeakF	dMedFfirst	dMedFend	frate	infa



15-Nov-2014 15:31:00	1		1	1		1.374229e+03	0.0052	131.1874	166.0156	116.2720	122.0703	144.0430	-0.2265	

15-Nov-2014 15:33:06	1		1	1	2	5.855891e+01	0.0004	110.4126	191.9732	0.0000	84.9609	0.0000	-0.5043	

15-Nov-2014 15:34:17	1		1	1	2	6.733965e+01	0.0082	202.6367	237.5839	195.3125	192.8711	207.5195	2.0229	

15-Nov-2014 15:34:22	1		1	1	2	3.080405e+02	0.0094	223.6938	267.0356	196.8384	229.4922	200.1953	-0.8774	

15-Nov-2014 15:34:25	1		1	1	2	6.607174e+01	0.0081	139.1602	188.8260	76.9043	144.0430	200.1953	3.2124	

15-Nov-2014 15:34:31	1		1	1	2	7.151035e+01	0.0087	172.1191	245.8478	123.2910	161.1328	200.1953	2.0467	

15-Nov-2014 15:35:56	1		1	1	2	9.484115e+01	0.0116	223.3887	262.3771	156.2500	214.8438	200.1953	0.3781	
